Longitude      Co-latitude    radius
-180.000000    10.066021      6357406.238    
-170.000000    10.066021      6357405.262    
-160.000000    10.066021      6357403.199    
-150.000000    10.066021      6357402.968    
-140.000000    10.066021      6357401.725    
-130.000000    10.066021      6357400.421    
-120.000000    10.066021      6357402.978    
-110.000000    10.066021      6357408.320    
-100.000000    10.066021      6357406.319    
-90.000000     10.066021      6357411.476    
-80.000000     10.066021      6357414.724    
-70.000000     10.066021      6357409.845    
-60.000000     10.066021      6357422.122    
-50.000000     10.066021      6357430.579    
-40.000000     10.066021      6357436.334    
-30.000000     10.066021      6357439.344    
-20.000000     10.066021      6357434.582    
-10.000000     10.066021      6357436.353    
-0.000000      10.066021      6357438.969    
10.000000      10.066021      6357438.040    
20.000000      10.066021      6357431.957    
30.000000      10.066021      6357427.083    
40.000000      10.066021      6357421.273    
50.000000      10.066021      6357415.792    
60.000000      10.066021      6357410.905    
70.000000      10.066021      6357405.303    
80.000000      10.066021      6357405.123    
90.000000      10.066021      6357404.311    
100.000000     10.066021      6357405.560    
110.000000     10.066021      6357404.348    
120.000000     10.066021      6357404.454    
130.000000     10.066021      6357403.864    
140.000000     10.066021      6357402.938    
150.000000     10.066021      6357405.246    
160.000000     10.066021      6357404.656    
170.000000     10.066021      6357403.807    
-180.000000    20.124007      6359275.286    
-170.000000    20.124007      6359273.844    
-160.000000    20.124007      6359272.322    
-150.000000    20.124007      6359271.592    
-140.000000    20.124007      6359270.335    
-130.000000    20.124007      6359264.808    
-120.000000    20.124007      6359257.802    
-110.000000    20.124007      6359248.219    
-100.000000    20.124007      6359245.461    
-90.000000     20.124007      6359247.267    
-80.000000     20.124007      6359254.375    
-70.000000     20.124006      6359275.799    
-60.000000     20.124006      6359296.431    
-50.000000     20.124006      6359301.927    
-40.000000     20.124006      6359318.084    
-30.000000     20.124005      6359328.836    
-20.000000     20.124005      6359332.521    
-10.000000     20.124005      6359328.782    
-0.000000      20.124006      6359321.642    
10.000000      20.124006      6359314.755    
20.000000      20.124006      6359302.485    
30.000000      20.124006      6359292.672    
40.000000      20.124006      6359283.502    
50.000000      20.124007      6359275.390    
60.000000      20.124007      6359269.679    
70.000000      20.124007      6359263.074    
80.000000      20.124007      6359260.122    
90.000000      20.124007      6359261.114    
100.000000     20.124007      6359258.372    
110.000000     20.124007      6359264.357    
120.000000     20.124007      6359264.576    
130.000000     20.124007      6359267.459    
140.000000     20.124007      6359272.504    
150.000000     20.124007      6359275.654    
160.000000     20.124006      6359276.314    
170.000000     20.124006      6359276.203    
-180.000000    30.166924      6362133.563    
-170.000000    30.166924      6362142.319    
-160.000000    30.166923      6362147.615    
-150.000000    30.166923      6362147.020    
-140.000000    30.166924      6362143.901    
-130.000000    30.166924      6362132.666    
-120.000000    30.166924      6362116.535    
-110.000000    30.166925      6362101.684    
-100.000000    30.166925      6362090.700    
-90.000000     30.166925      6362085.852    
-80.000000     30.166925      6362090.788    
-70.000000     30.166924      6362110.108    
-60.000000     30.166924      6362137.657    
-50.000000     30.166923      6362161.451    
-40.000000     30.166923      6362181.554    
-30.000000     30.166922      6362196.524    
-20.000000     30.166922      6362193.320    
-10.000000     30.166922      6362188.444    
-0.000000      30.166923      6362180.508    
10.000000      30.166923      6362173.436    
20.000000      30.166923      6362151.557    
30.000000      30.166923      6362148.491    
40.000000      30.166924      6362143.989    
50.000000      30.166924      6362138.850    
60.000000      30.166924      6362128.742    
70.000000      30.166924      6362111.406    
80.000000      30.166925      6362102.348    
90.000000      30.166925      6362098.968    
100.000000     30.166925      6362098.669    
110.000000     30.166925      6362104.925    
120.000000     30.166924      6362116.003    
130.000000     30.166924      6362132.877    
140.000000     30.166924      6362144.306    
150.000000     30.166923      6362149.041    
160.000000     30.166923      6362146.891    
170.000000     30.166924      6362141.843    
-180.000000    40.189611      6365626.146    
-170.000000    40.189610      6365637.508    
-160.000000    40.189610      6365639.415    
-150.000000    40.189610      6365631.922    
-140.000000    40.189611      6365620.524    
-130.000000    40.189611      6365613.745    
-120.000000    40.189611      6365616.385    
-110.000000    40.189611      6365614.232    
-100.000000    40.189611      6365608.196    
-90.000000     40.189611      6365597.076    
-80.000000     40.189612      6365592.515    
-70.000000     40.189611      6365605.786    
-60.000000     40.189611      6365619.391    
-50.000000     40.189610      6365655.983    
-40.000000     40.189609      6365676.264    
-30.000000     40.189609      6365694.575    
-20.000000     40.189609      6365693.717    
-10.000000     40.189609      6365690.468    
-0.000000      40.189609      6365676.985    
10.000000      40.189609      6365679.914    
20.000000      40.189609      6365671.640    
30.000000      40.189610      6365659.373    
40.000000      40.189610      6365642.767    
50.000000      40.189611      6365620.220    
60.000000      40.189611      6365612.757    
70.000000      40.189611      6365598.868    
80.000000      40.189612      6365587.580    
90.000000      40.189612      6365590.265    
100.000000     40.189612      6365590.006    
110.000000     40.189611      6365602.423    
120.000000     40.189611      6365627.781    
130.000000     40.189610      6365646.859    
140.000000     40.189610      6365654.606    
150.000000     40.189610      6365652.235    
160.000000     40.189610      6365638.301    
170.000000     40.189610      6365635.179    
-180.000000    50.189390      6369333.034    
-170.000000    50.189390      6369334.510    
-160.000000    50.189390      6369332.287    
-150.000000    50.189390      6369324.417    
-140.000000    50.189390      6369314.064    
-130.000000    50.189391      6369308.482    
-120.000000    50.189390      6369321.927    
-110.000000    50.189390      6369327.397    
-100.000000    50.189390      6369320.442    
-90.000000     50.189390      6369312.042    
-80.000000     50.189390      6369311.317    
-70.000000     50.189390      6369311.547    
-60.000000     50.189390      6369318.728    
-50.000000     50.189389      6369346.318    
-40.000000     50.189388      6369377.767    
-30.000000     50.189388      6369404.158    
-20.000000     50.189388      6369397.242    
-10.000000     50.189388      6369394.294    
-0.000000      50.189388      6369396.119    
10.000000      50.189388      6369390.463    
20.000000      50.189388      6369379.236    
30.000000      50.189388      6369384.175    
40.000000      50.189389      6369376.384    
50.000000      50.189390      6369327.573    
60.000000      50.189390      6369316.708    
70.000000      50.189391      6369304.360    
80.000000      50.189391      6369290.589    
90.000000      50.189391      6369279.294    
100.000000     50.189391      6369290.514    
110.000000     50.189390      6369317.247    
120.000000     50.189389      6369347.587    
130.000000     50.189389      6369368.319    
140.000000     50.189388      6369382.946    
150.000000     50.189389      6369362.209    
160.000000     50.189389      6369343.725    
170.000000     50.189390      6369334.586    
-180.000000    60.166364      6372817.627    
-170.000000    60.166364      6372819.545    
-160.000000    60.166364      6372816.153    
-150.000000    60.166365      6372808.946    
-140.000000    60.166365      6372796.867    
-130.000000    60.166365      6372784.466    
-120.000000    60.166365      6372782.363    
-110.000000    60.166365      6372794.869    
-100.000000    60.166365      6372801.598    
-90.000000     60.166365      6372797.388    
-80.000000     60.166365      6372792.444    
-70.000000     60.166366      6372773.186    
-60.000000     60.166365      6372784.190    
-50.000000     60.166365      6372807.319    
-40.000000     60.166364      6372841.393    
-30.000000     60.166363      6372855.049    
-20.000000     60.166363      6372858.860    
-10.000000     60.166363      6372868.366    
-0.000000      60.166363      6372859.229    
10.000000      60.166363      6372852.961    
20.000000      60.166363      6372850.931    
30.000000      60.166364      6372840.881    
40.000000      60.166364      6372835.682    
50.000000      60.166365      6372806.897    
60.000000      60.166365      6372809.573    
70.000000      60.166365      6372787.162    
80.000000      60.166365      6372787.917    
90.000000      60.166365      6372791.101    
100.000000     60.166365      6372791.247    
110.000000     60.166365      6372800.973    
120.000000     60.166364      6372832.682    
130.000000     60.166363      6372855.025    
140.000000     60.166363      6372866.604    
150.000000     60.166364      6372844.228    
160.000000     60.166364      6372828.135    
170.000000     60.166364      6372818.000    
-180.000000    70.123370      6375658.778    
-170.000000    70.123370      6375664.211    
-160.000000    70.123370      6375661.929    
-150.000000    70.123370      6375647.397    
-140.000000    70.123371      6375631.509    
-130.000000    70.123371      6375614.994    
-120.000000    70.123371      6375606.967    
-110.000000    70.123371      6375620.859    
-100.000000    70.123370      6375646.904    
-90.000000     70.123370      6375643.527    
-80.000000     70.123371      6375633.984    
-70.000000     70.123371      6375606.225    
-60.000000     70.123371      6375607.375    
-50.000000     70.123371      6375621.563    
-40.000000     70.123370      6375644.342    
-30.000000     70.123370      6375671.494    
-20.000000     70.123370      6375679.705    
-10.000000     70.123370      6375685.472    
-0.000000      70.123370      6375685.216    
10.000000      70.123370      6375681.147    
20.000000      70.123370      6375668.582    
30.000000      70.123370      6375663.582    
40.000000      70.123370      6375656.187    
50.000000      70.123371      6375623.653    
60.000000      70.123371      6375611.906    
70.000000      70.123371      6375593.718    
80.000000      70.123371      6375586.294    
90.000000      70.123371      6375594.883    
100.000000     70.123371      6375616.213    
110.000000     70.123370      6375641.173    
120.000000     70.123370      6375675.858    
130.000000     70.123369      6375692.344    
140.000000     70.123369      6375703.338    
150.000000     70.123369      6375695.847    
160.000000     70.123370      6375675.839    
170.000000     70.123370      6375663.341    
-180.000000    80.065606      6377510.660    
-170.000000    80.065606      6377509.926    
-160.000000    80.065606      6377508.354    
-150.000000    80.065606      6377499.206    
-140.000000    80.065606      6377486.658    
-130.000000    80.065606      6377468.769    
-120.000000    80.065606      6377458.508    
-110.000000    80.065606      6377468.569    
-100.000000    80.065606      6377486.355    
-90.000000     80.065606      6377499.446    
-80.000000     80.065606      6377498.719    
-70.000000     80.065606      6377487.381    
-60.000000     80.065606      6377456.349    
-50.000000     80.065606      6377455.214    
-40.000000     80.065606      6377480.901    
-30.000000     80.065606      6377500.866    
-20.000000     80.065606      6377515.154    
-10.000000     80.065605      6377530.554    
-0.000000      80.065606      6377521.541    
10.000000      80.065606      6377519.314    
20.000000      80.065606      6377499.877    
30.000000      80.065606      6377492.740    
40.000000      80.065606      6377488.255    
50.000000      80.065606      6377466.140    
60.000000      80.065606      6377439.602    
70.000000      80.065607      6377406.732    
80.000000      80.065607      6377400.489    
90.000000      80.065606      6377434.728    
100.000000     80.065606      6377472.689    
110.000000     80.065606      6377508.892    
120.000000     80.065605      6377549.641    
130.000000     80.065605      6377557.658    
140.000000     80.065605      6377558.301    
150.000000     80.065605      6377543.075    
160.000000     80.065605      6377533.118    
170.000000     80.065606      6377522.367    
-180.000000    90.000000      6378158.686    
-170.000000    90.000000      6378152.726    
-160.000000    90.000000      6378153.533    
-150.000000    90.000000      6378150.321    
-140.000000    90.000000      6378138.198    
-130.000000    90.000000      6378124.447    
-120.000000    90.000000      6378114.421    
-110.000000    90.000000      6378117.144    
-100.000000    90.000000      6378123.291    
-90.000000     90.000000      6378133.344    
-80.000000     90.000000      6378152.041    
-70.000000     90.000000      6378150.923    
-60.000000     90.000000      6378124.048    
-50.000000     90.000000      6378111.477    
-40.000000     90.000000      6378118.771    
-30.000000     90.000000      6378139.856    
-20.000000     90.000000      6378150.957    
-10.000000     90.000000      6378156.532    
-0.000000      90.000000      6378154.630    
10.000000      90.000000      6378146.805    
20.000000      90.000000      6378120.722    
30.000000      90.000000      6378126.632    
40.000000      90.000000      6378109.784    
50.000000      90.000000      6378088.558    
60.000000      90.000000      6378074.810    
70.000000      90.000000      6378047.931    
80.000000      90.000000      6378034.809    
90.000000      90.000000      6378074.119    
100.000000     90.000000      6378130.506    
110.000000     90.000000      6378170.945    
120.000000     90.000000      6378197.233    
130.000000     90.000000      6378213.427    
140.000000     90.000000      6378209.714    
150.000000     90.000000      6378199.808    
160.000000     90.000000      6378186.845    
170.000000     90.000000      6378169.451    
-180.000000    99.934395      6377533.053    
-170.000000    99.934394      6377519.151    
-160.000000    99.934394      6377508.585    
-150.000000    99.934394      6377503.245    
-140.000000    99.934394      6377495.130    
-130.000000    99.934394      6377488.636    
-120.000000    99.934394      6377486.938    
-110.000000    99.934394      6377490.098    
-100.000000    99.934394      6377486.038    
-90.000000     99.934394      6377488.620    
-80.000000     99.934394      6377496.727    
-70.000000     99.934395      6377525.993    
-60.000000     99.934394      6377501.662    
-50.000000     99.934394      6377478.695    
-40.000000     99.934394      6377485.543    
-30.000000     99.934394      6377488.290    
-20.000000     99.934394      6377501.799    
-10.000000     99.934394      6377510.609    
-0.000000      99.934394      6377508.981    
10.000000      99.934394      6377510.862    
20.000000      99.934394      6377503.189    
30.000000      99.934394      6377485.722    
40.000000      99.934394      6377471.191    
50.000000      99.934394      6377465.781    
60.000000      99.934394      6377460.478    
70.000000      99.934394      6377436.977    
80.000000      99.934393      6377422.028    
90.000000      99.934394      6377433.626    
100.000000     99.934394      6377471.334    
110.000000     99.934394      6377496.936    
120.000000     99.934395      6377536.204    
130.000000     99.934395      6377550.210    
140.000000     99.934395      6377566.782    
150.000000     99.934395      6377575.085    
160.000000     99.934395      6377559.892    
170.000000     99.934395      6377548.488    
-180.000000    109.876631     6375704.291    
-170.000000    109.876630     6375680.843    
-160.000000    109.876630     6375663.706    
-150.000000    109.876630     6375653.211    
-140.000000    109.876630     6375645.976    
-130.000000    109.876630     6375643.014    
-120.000000    109.876630     6375649.107    
-110.000000    109.876630     6375652.173    
-100.000000    109.876630     6375650.395    
-90.000000     109.876630     6375652.989    
-80.000000     109.876630     6375662.462    
-70.000000     109.876631     6375689.317    
-60.000000     109.876630     6375673.935    
-50.000000     109.876630     6375646.523    
-40.000000     109.876630     6375646.956    
-30.000000     109.876630     6375648.570    
-20.000000     109.876630     6375653.866    
-10.000000     109.876630     6375666.564    
-0.000000      109.876630     6375670.931    
10.000000      109.876630     6375677.160    
20.000000      109.876630     6375675.922    
30.000000      109.876630     6375661.633    
40.000000      109.876630     6375644.148    
50.000000      109.876630     6375643.375    
60.000000      109.876630     6375644.038    
70.000000      109.876629     6375633.702    
80.000000      109.876629     6375614.078    
90.000000      109.876629     6375606.330    
100.000000     109.876629     6375608.364    
110.000000     109.876629     6375628.743    
120.000000     109.876630     6375658.813    
130.000000     109.876630     6375678.600    
140.000000     109.876631     6375700.235    
150.000000     109.876631     6375711.593    
160.000000     109.876631     6375711.339    
170.000000     109.876631     6375718.357    
-180.000000    119.833637     6372872.543    
-170.000000    119.833636     6372847.390    
-160.000000    119.833636     6372830.483    
-150.000000    119.833636     6372823.471    
-140.000000    119.833636     6372816.145    
-130.000000    119.833635     6372811.733    
-120.000000    119.833636     6372814.491    
-110.000000    119.833636     6372817.027    
-100.000000    119.833636     6372820.394    
-90.000000     119.833636     6372825.831    
-80.000000     119.833636     6372832.973    
-70.000000     119.833637     6372861.175    
-60.000000     119.833636     6372842.930    
-50.000000     119.833636     6372827.796    
-40.000000     119.833636     6372816.359    
-30.000000     119.833636     6372828.295    
-20.000000     119.833636     6372835.074    
-10.000000     119.833636     6372839.862    
-0.000000      119.833636     6372846.470    
10.000000      119.833636     6372850.814    
20.000000      119.833637     6372858.142    
30.000000      119.833637     6372855.771    
40.000000      119.833636     6372838.510    
50.000000      119.833636     6372839.508    
60.000000      119.833636     6372839.875    
70.000000      119.833636     6372830.953    
80.000000      119.833636     6372815.779    
90.000000      119.833635     6372799.708    
100.000000     119.833635     6372787.313    
110.000000     119.833635     6372785.432    
120.000000     119.833635     6372802.603    
130.000000     119.833635     6372810.408    
140.000000     119.833636     6372837.445    
150.000000     119.833637     6372856.715    
160.000000     119.833637     6372858.536    
170.000000     119.833637     6372868.619    
-180.000000    129.810611     6369365.745    
-170.000000    129.810611     6369351.642    
-160.000000    129.810611     6369346.353    
-150.000000    129.810610     6369338.484    
-140.000000    129.810610     6369333.407    
-130.000000    129.810610     6369332.517    
-120.000000    129.810610     6369332.449    
-110.000000    129.810610     6369335.045    
-100.000000    129.810610     6369338.367    
-90.000000     129.810611     6369344.429    
-80.000000     129.810611     6369352.204    
-70.000000     129.810611     6369367.472    
-60.000000     129.810611     6369358.682    
-50.000000     129.810610     6369342.609    
-40.000000     129.810610     6369338.572    
-30.000000     129.810611     6369351.700    
-20.000000     129.810611     6369366.276    
-10.000000     129.810611     6369368.337    
-0.000000      129.810611     6369362.918    
10.000000      129.810611     6369370.224    
20.000000      129.810611     6369374.676    
30.000000      129.810612     6369378.249    
40.000000      129.810612     6369384.033    
50.000000      129.810612     6369385.957    
60.000000      129.810611     6369373.712    
70.000000      129.810611     6369368.598    
80.000000      129.810611     6369358.447    
90.000000      129.810610     6369342.889    
100.000000     129.810610     6369324.289    
110.000000     129.810610     6369312.763    
120.000000     129.810610     6369311.756    
130.000000     129.810610     6369317.859    
140.000000     129.810610     6369330.448    
150.000000     129.810611     6369343.259    
160.000000     129.810611     6369350.182    
170.000000     129.810611     6369364.033    
-180.000000    139.810389     6365615.777    
-170.000000    139.810389     6365613.175    
-160.000000    139.810389     6365613.533    
-150.000000    139.810389     6365615.873    
-140.000000    139.810389     6365614.551    
-130.000000    139.810389     6365616.124    
-120.000000    139.810389     6365621.819    
-110.000000    139.810389     6365621.417    
-100.000000    139.810389     6365623.541    
-90.000000     139.810389     6365628.766    
-80.000000     139.810390     6365636.947    
-70.000000     139.810390     6365643.781    
-60.000000     139.810390     6365644.559    
-50.000000     139.810390     6365634.233    
-40.000000     139.810390     6365635.450    
-30.000000     139.810390     6365642.768    
-20.000000     139.810390     6365652.575    
-10.000000     139.810390     6365659.360    
-0.000000      139.810390     6365657.107    
10.000000      139.810390     6365657.763    
20.000000      139.810391     6365665.157    
30.000000      139.810391     6365669.842    
40.000000      139.810391     6365677.121    
50.000000      139.810391     6365676.517    
60.000000      139.810391     6365670.102    
70.000000      139.810391     6365671.672    
80.000000      139.810390     6365659.405    
90.000000      139.810390     6365644.642    
100.000000     139.810389     6365629.853    
110.000000     139.810389     6365616.940    
120.000000     139.810389     6365609.507    
130.000000     139.810389     6365609.803    
140.000000     139.810389     6365613.496    
150.000000     139.810389     6365614.874    
160.000000     139.810389     6365617.920    
170.000000     139.810389     6365621.790    
-180.000000    149.833075     6362086.651    
-170.000000    149.833075     6362089.848    
-160.000000    149.833075     6362095.311    
-150.000000    149.833075     6362100.583    
-140.000000    149.833075     6362102.546    
-130.000000    149.833075     6362105.945    
-120.000000    149.833076     6362109.129    
-110.000000    149.833076     6362110.443    
-100.000000    149.833076     6362116.026    
-90.000000     149.833076     6362121.398    
-80.000000     149.833076     6362129.128    
-70.000000     149.833076     6362141.867    
-60.000000     149.833077     6362152.793    
-50.000000     149.833077     6362152.948    
-40.000000     149.833077     6362153.854    
-30.000000     149.833077     6362156.473    
-20.000000     149.833077     6362153.841    
-10.000000     149.833077     6362149.826    
-0.000000      149.833077     6362147.805    
10.000000      149.833077     6362152.709    
20.000000      149.833077     6362158.088    
30.000000      149.833077     6362161.770    
40.000000      149.833077     6362166.581    
50.000000      149.833077     6362165.777    
60.000000      149.833077     6362165.418    
70.000000      149.833077     6362161.930    
80.000000      149.833077     6362157.652    
90.000000      149.833076     6362141.564    
100.000000     149.833076     6362129.345    
110.000000     149.833076     6362118.993    
120.000000     149.833076     6362107.960    
130.000000     149.833075     6362101.202    
140.000000     149.833075     6362099.522    
150.000000     149.833075     6362103.070    
160.000000     149.833075     6362097.780    
170.000000     149.833075     6362088.084    
-180.000000    159.875992     6359210.677    
-170.000000    159.875992     6359209.525    
-160.000000    159.875992     6359212.647    
-150.000000    159.875992     6359215.806    
-140.000000    159.875992     6359220.733    
-130.000000    159.875993     6359229.208    
-120.000000    159.875993     6359235.289    
-110.000000    159.875993     6359240.366    
-100.000000    159.875993     6359246.140    
-90.000000     159.875993     6359251.487    
-80.000000     159.875993     6359264.416    
-70.000000     159.875993     6359275.361    
-60.000000     159.875994     6359277.448    
-50.000000     159.875993     6359273.121    
-40.000000     159.875993     6359274.523    
-30.000000     159.875993     6359274.036    
-20.000000     159.875994     6359275.891    
-10.000000     159.875994     6359282.958    
-0.000000      159.875994     6359287.091    
10.000000      159.875994     6359289.682    
20.000000      159.875994     6359290.526    
30.000000      159.875994     6359293.134    
40.000000      159.875994     6359294.522    
50.000000      159.875994     6359301.665    
60.000000      159.875994     6359302.949    
70.000000      159.875994     6359290.354    
80.000000      159.875994     6359290.844    
90.000000      159.875994     6359283.843    
100.000000     159.875993     6359264.726    
110.000000     159.875993     6359251.391    
120.000000     159.875993     6359245.833    
130.000000     159.875993     6359233.810    
140.000000     159.875993     6359230.011    
150.000000     159.875992     6359218.221    
160.000000     159.875992     6359217.102    
170.000000     159.875992     6359214.861    
-180.000000    169.933978     6357350.495    
-170.000000    169.933978     6357350.071    
-160.000000    169.933978     6357349.957    
-150.000000    169.933978     6357350.634    
-140.000000    169.933978     6357355.077    
-130.000000    169.933978     6357359.633    
-120.000000    169.933978     6357364.288    
-110.000000    169.933978     6357367.596    
-100.000000    169.933979     6357373.732    
-90.000000     169.933979     6357379.460    
-80.000000     169.933979     6357378.656    
-70.000000     169.933979     6357378.111    
-60.000000     169.933979     6357380.516    
-50.000000     169.933979     6357384.132    
-40.000000     169.933979     6357385.497    
-30.000000     169.933979     6357387.418    
-20.000000     169.933979     6357392.323    
-10.000000     169.933979     6357397.134    
-0.000000      169.933979     6357397.811    
10.000000      169.933979     6357401.156    
20.000000      169.933979     6357404.278    
30.000000      169.933979     6357407.254    
40.000000      169.933979     6357408.150    
50.000000      169.933979     6357407.393    
60.000000      169.933979     6357407.545    
70.000000      169.933979     6357408.880    
80.000000      169.933979     6357408.438    
90.000000      169.933979     6357400.114    
100.000000     169.933979     6357389.839    
110.000000     169.933979     6357378.078    
120.000000     169.933978     6357368.505    
130.000000     169.933978     6357360.888    
140.000000     169.933978     6357352.954    
150.000000     169.933978     6357351.899    
160.000000     169.933978     6357352.943    
170.000000     169.933978     6357352.268    
